0110111111100001010111110100100000110111100010011111101010000011 001100001001011011111000011001011
1110001100011000111011100001100001111011011001110011100011100011 101001110100110111101001100100011
0011010101110001011000011000001001110000000001110011010000110110 010000100011000010010100010011000
1010010110100011111000011001111111111101000100100111001010010110 110001111000011001001010111010011
1001001111001000000010010110010101000011001111010111000101011001 001001000101010001100011101000001
1010100100101101011001101110101001101001010000011101100001011011 010101101010000110110100101111101
1000100011101111111101010011000100101011101111111000100111011001 010101110111001010111101010011000
0110111100111111101001001111111111010111011000100110101011111000 100011111000101011001011010111001
1010010001010000100100101010100011101110011011000101011010111011 101001100100011001100101100111011
1101111011111001110001000001111001001001010110110001010101101110 011110100001010101101101010011100
